2.100000 -1.656735 -1.187134 -0.333861 -0.828083 
2.179899 -1.820395 -1.216000 -0.294798 -0.755482 
2.259799 -2.057121 -1.249007 -0.259192 -0.689107 
2.339698 -2.423553 -1.286568 -0.226970 -0.628768 
2.419598 -3.065812 -1.329658 -0.197763 -0.573810 
2.499497 -4.481470 -1.379554 -0.171247 -0.523663 
2.579397 -10.169916 -1.437955 -0.147141 -0.477831 
2.659296 -17.909010 -1.507176 -0.125199 -0.435879 
2.739196 -3.985338 -1.590460 -0.105204 -0.397426 
2.819095 -1.978390 -1.692485 -0.086965 -0.362132 
2.898995 -1.181858 -1.818467 -0.070488 -0.329976 
2.978894 -0.746342 -1.982456 -0.055262 -0.300122 
3.058794 -0.474729 -2.201236 -0.041340 -0.272631 
3.138693 -0.289273 -2.507479 -0.028605 -0.247290 
3.218593 -0.154684 -2.966280 -0.016948 -0.223911 
3.298492 -0.052629 -3.728638 -0.006275 -0.202324 
3.378392 0.027358 -5.242931 0.003501 -0.182377 
3.458291 0.091691 -9.697096 0.012456 -0.163932 
3.538191 0.144517 -301.391909 0.020660 -0.146866 
3.618090 0.188637 -8.982874 0.028176 -0.131066 
3.697990 0.225580 -4.124301 0.034970 -0.116575 
3.777889 0.257683 -2.512596 0.041283 -0.103003 
3.857789 0.285488 -1.716235 0.047063 -0.090420 
3.937688 0.309784 -1.241717 0.052354 -0.078749 
4.017588 0.331181 -0.926943 0.057194 -0.067920 
4.097487 0.350153 -0.703023 0.061619 -0.057869 
4.177387 0.367079 -0.535699 0.065662 -0.048539 
4.257286 0.382261 -0.406014 0.069352 -0.039875 
4.337186 0.395944 -0.302627 0.072717 -0.031829 
4.417085 0.408331 -0.218335 0.075782 -0.024355 
4.496985 0.419455 -0.149148 0.078518 -0.017493 
4.576884 0.429735 -0.090030 0.081051 -0.011039 
4.656784 0.439143 -0.039565 0.083347 -0.005044 
4.736683 0.447777 0.003985 0.085423 0.000526 
4.816583 0.455724 0.041921 0.087296 0.005699 
4.896482 0.463057 0.075238 0.088981 0.010503 
4.976382 0.469839 0.104710 0.090492 0.014964 
5.056281 0.476125 0.130945 0.091842 0.019105 
5.136181 0.481964 0.154431 0.093042 0.022949 
5.216080 0.487396 0.175564 0.094104 0.026515 
5.295980 0.492398 0.194437 0.095010 0.029777 
5.375879 0.497130 0.211793 0.095827 0.032845 
5.455779 0.501553 0.227602 0.096533 0.035687 
5.535678 0.505695 0.242052 0.097138 0.038319 
5.615578 0.509579 0.255301 0.097649 0.040755 
5.695477 0.513224 0.267483 0.098072 0.043006 
5.775377 0.516650 0.278713 0.098414 0.045087 
5.855276 0.519873 0.289091 0.098681 0.047007 
5.935176 0.522909 0.298703 0.098878 0.048777 
6.015075 0.525770 0.307623 0.099011 0.050408 
6.094975 0.528438 0.315817 0.099068 0.051881 
6.174874 0.530990 0.323551 0.099088 0.053259 
6.254774 0.533402 0.330766 0.099056 0.054523 
6.334673 0.535683 0.337509 0.098978 0.055680 
6.414573 0.537843 0.343819 0.098856 0.056736 
6.494472 0.539888 0.349732 0.098695 0.057699 
6.574372 0.541827 0.355280 0.098496 0.058574 
6.654271 0.543666 0.360493 0.098263 0.059367 
6.734171 0.545411 0.365395 0.097999 0.060083 
6.814070 0.547068 0.370009 0.097707 0.060727 
6.893970 0.548623 0.374306 0.097378 0.061289 
6.973869 0.550120 0.378411 0.097035 0.061804 
7.053769 0.551543 0.382287 0.096670 0.062260 
7.133668 0.552898 0.385949 0.096284 0.062661 
7.213568 0.554187 0.389411 0.095881 0.063010 
7.293467 0.555414 0.392688 0.095460 0.063312 
7.373367 0.556583 0.395792 0.095024 0.063568 
7.453266 0.557697 0.398732 0.094574 0.063783 
7.533166 0.558759 0.401521 0.094112 0.063958 
7.613065 0.559772 0.404166 0.093638 0.064096 
7.692965 0.560726 0.406647 0.093148 0.064191 
7.772864 0.561648 0.409034 0.092656 0.064263 
7.852764 0.562529 0.411302 0.092155 0.064306 
7.932663 0.563369 0.413459 0.091648 0.064321 
8.012563 0.564171 0.415511 0.091134 0.064310 
8.092462 0.564938 0.417463 0.090615 0.064274 
8.172362 0.565670 0.419321 0.090091 0.064216 
8.252261 0.566370 0.421092 0.089563 0.064137 
8.332161 0.567039 0.422778 0.089032 0.064038 
8.412060 0.567679 0.424385 0.088499 0.063921 
8.491960 0.568283 0.425899 0.087959 0.063782 
8.571859 0.568869 0.427362 0.087422 0.063633 
8.651759 0.569429 0.428757 0.086884 0.063469 
8.731658 0.569964 0.430089 0.086345 0.063292 
8.811558 0.570477 0.431360 0.085807 0.063102 
8.891457 0.570968 0.432574 0.085268 0.062901 
8.971357 0.571438 0.433733 0.084730 0.062690 
9.051256 0.571887 0.434841 0.084192 0.062468 
9.131156 0.572318 0.435899 0.083656 0.062237 
9.211055 0.572731 0.436911 0.083122 0.061998 
9.290955 0.573121 0.437866 0.082587 0.061748 
9.370854 0.573500 0.438792 0.082056 0.061495 
9.450754 0.573862 0.439677 0.081528 0.061236 
9.530653 0.574210 0.440523 0.081002 0.060970 
9.610553 0.574543 0.441333 0.080478 0.060700 
9.690452 0.574862 0.442108 0.079958 0.060424 
9.770352 0.575168 0.442850 0.079440 0.060145 
9.850251 0.575461 0.443560 0.078925 0.059861 
9.930151 0.575743 0.444239 0.078414 0.059575 
10.010050 0.576012 0.444890 0.077906 0.059285 
10.089950 0.576268 0.445506 0.077400 0.058990 
10.169849 0.576516 0.446103 0.076899 0.058696 
10.249749 0.576753 0.446675 0.076402 0.058399 
10.329648 0.576981 0.447224 0.075909 0.058101 
10.409548 0.577200 0.447749 0.075419 0.057801 
10.489447 0.577410 0.448252 0.074933 0.057500 
10.569347 0.577611 0.448734 0.074451 0.057199 
10.649246 0.577804 0.449196 0.073973 0.056896 
10.729146 0.577989 0.449639 0.073499 0.056594 
10.809045 0.578167 0.450064 0.073029 0.056291 
10.888945 0.578336 0.450466 0.072562 0.055986 
10.968844 0.578499 0.450857 0.072100 0.055684 
11.048744 0.578656 0.451231 0.071642 0.055381 
11.128643 0.578807 0.451591 0.071189 0.055079 
11.208543 0.578952 0.451935 0.070739 0.054777 
11.288442 0.579091 0.452265 0.070293 0.054477 
11.368342 0.579224 0.452582 0.069852 0.054177 
11.448241 0.579352 0.452886 0.069415 0.053878 
11.528141 0.579474 0.453178 0.068982 0.053580 
11.608040 0.579592 0.453457 0.068553 0.053283 
11.687940 0.579704 0.453722 0.068127 0.052987 
11.767839 0.579813 0.453980 0.067706 0.052693 
11.847739 0.579917 0.454227 0.067289 0.052400 
11.927638 0.580017 0.454464 0.066877 0.052109 
12.007538 0.580113 0.454692 0.066468 0.051819 
12.087437 0.580205 0.454910 0.066063 0.051531 
12.167337 0.580294 0.455120 0.065662 0.051244 
12.247236 0.580379 0.455321 0.065265 0.050960 
12.327136 0.580461 0.455514 0.064872 0.050677 
12.407035 0.580539 0.455700 0.064483 0.050396 
12.486935 0.580614 0.455875 0.064098 0.050116 
12.566834 0.580686 0.456046 0.063716 0.049838 
12.646734 0.580755 0.456210 0.063339 0.049563 
12.726633 0.580822 0.456368 0.062965 0.049289 
12.806533 0.580886 0.456519 0.062595 0.049018 
12.886432 0.580948 0.456664 0.062229 0.048748 
12.966332 0.581007 0.456803 0.061866 0.048480 
13.046231 0.581063 0.456937 0.061507 0.048215 
13.126131 0.581118 0.457065 0.061151 0.047951 
13.206030 0.581170 0.457189 0.060799 0.047689 
13.285930 0.581220 0.457306 0.060451 0.047429 
13.365829 0.581268 0.457419 0.060106 0.047172 
13.445729 0.581315 0.457529 0.059765 0.046916 
13.525628 0.581359 0.457633 0.059427 0.046663 
13.605528 0.581402 0.457734 0.059092 0.046412 
13.685427 0.581443 0.457831 0.058761 0.046162 
13.765327 0.581482 0.457924 0.058433 0.045915 
13.845226 0.581520 0.458013 0.058108 0.045670 
13.925126 0.581557 0.458099 0.057787 0.045426 
14.005025 0.581592 0.458181 0.057468 0.045185 
14.084925 0.581625 0.458259 0.057153 0.044946 
14.164824 0.581657 0.458335 0.056841 0.044709 
14.244724 0.581688 0.458408 0.056532 0.044474 
14.324623 0.581718 0.458478 0.056227 0.044241 
14.404523 0.581747 0.458545 0.055924 0.044010 
14.484422 0.581774 0.458609 0.055624 0.043781 
14.564322 0.581800 0.458671 0.055327 0.043554 
14.644221 0.581826 0.458731 0.055033 0.043329 
14.724121 0.581850 0.458788 0.054742 0.043105 
14.804020 0.581874 0.458843 0.054454 0.042884 
14.883920 0.581896 0.458895 0.054169 0.042665 
14.963819 0.581917 0.458946 0.053886 0.042447 
15.043719 0.581938 0.458995 0.053606 0.042232 
15.123618 0.581958 0.459042 0.053329 0.042018 
15.203518 0.581977 0.459087 0.053055 0.041807 
15.283417 0.581996 0.459130 0.052783 0.041597 
15.363317 0.582013 0.459171 0.052513 0.041389 
15.443216 0.582030 0.459211 0.052247 0.041183 
15.523116 0.582047 0.459249 0.051983 0.040978 
15.603015 0.582062 0.459286 0.051721 0.040776 
15.682915 0.582077 0.459321 0.051462 0.040575 
15.762814 0.582092 0.459355 0.051205 0.040376 
15.842714 0.582106 0.459388 0.050951 0.040178 
15.922613 0.582119 0.459419 0.050699 0.039983 
16.002513 0.582132 0.459449 0.050450 0.039789 
16.082412 0.582144 0.459478 0.050203 0.039597 
16.162312 0.582156 0.459506 0.049958 0.039407 
16.242211 0.582167 0.459532 0.049715 0.039218 
16.322111 0.582178 0.459558 0.049475 0.039031 
16.402010 0.582189 0.459583 0.049237 0.038845 
16.481910 0.582199 0.459606 0.049001 0.038661 
16.561809 0.582208 0.459629 0.048768 0.038479 
16.641709 0.582218 0.459651 0.048536 0.038298 
16.721608 0.582227 0.459672 0.048307 0.038119 
16.801508 0.582235 0.459692 0.048079 0.037942 
16.881407 0.582243 0.459711 0.047854 0.037766 
16.961307 0.582251 0.459730 0.047631 0.037591 
17.041206 0.582259 0.459748 0.047409 0.037418 
17.121106 0.582266 0.459765 0.047190 0.037247 
17.201005 0.582273 0.459781 0.046973 0.037076 
17.280905 0.582280 0.459797 0.046757 0.036908 
17.360804 0.582287 0.459812 0.046544 0.036741 
17.440704 0.582293 0.459827 0.046332 0.036575 
17.520603 0.582299 0.459841 0.046123 0.036411 
17.600503 0.582305 0.459854 0.045915 0.036248 
17.680402 0.582310 0.459867 0.045709 0.036086 
17.760302 0.582315 0.459880 0.045504 0.035926 
17.840201 0.582321 0.459892 0.045302 0.035767 
17.920101 0.582325 0.459903 0.045101 0.035610 
18.000000 0.582330 0.459914 0.044902 0.035454 
