2.000000 0.321333 0.160115 0.014236 0.007060 
2.461538 0.435450 0.299489 0.023136 0.015834 
2.923077 0.513002 0.394113 0.031522 0.024091 
3.384615 0.568925 0.462261 0.039401 0.031838 
3.846154 0.610984 0.513436 0.046779 0.039082 
4.307692 0.643617 0.553066 0.053666 0.045831 
4.769231 0.669543 0.584476 0.060069 0.052095 
5.230769 0.690519 0.609817 0.065999 0.057884 
5.692308 0.707733 0.630542 0.071466 0.063209 
6.153846 0.722015 0.647664 0.076483 0.068080 
6.615385 0.733963 0.661916 0.081060 0.072512 
7.076923 0.744017 0.673836 0.085212 0.076515 
7.538462 0.752511 0.683829 0.088950 0.080104 
8.000000 0.759699 0.692206 0.092290 0.083293 
8.461538 0.765779 0.699211 0.095244 0.086095 
8.923077 0.770909 0.705032 0.097827 0.088525 
9.384615 0.775213 0.709823 0.100055 0.090598 
9.846154 0.778793 0.713705 0.101941 0.092329 
10.307692 0.781730 0.716779 0.103500 0.093733 
10.769231 0.784092 0.719124 0.104748 0.094825 
11.230769 0.785935 0.720807 0.105700 0.095620 
11.692308 0.787304 0.721883 0.106371 0.096134 
12.153846 0.788237 0.722397 0.106775 0.096380 
12.615385 0.788767 0.722386 0.106928 0.096375 
13.076923 0.788919 0.721880 0.106843 0.096132 
13.538462 0.788716 0.720904 0.106535 0.095667 
14.000000 0.788177 0.719479 0.106019 0.094992 
14.461538 0.787315 0.717619 0.105307 0.094123 
14.923077 0.786144 0.715338 0.104414 0.093072 
15.384615 0.784673 0.712644 0.103351 0.091852 
15.846154 0.782910 0.709544 0.102133 0.090477 
16.307692 0.780861 0.706042 0.100771 0.088958 
16.769231 0.778530 0.702140 0.099276 0.087307 
17.230769 0.775919 0.697836 0.097661 0.085536 
17.692308 0.773032 0.693127 0.095935 0.083656 
18.153846 0.769866 0.688010 0.094110 0.081676 
18.615385 0.766422 0.682478 0.092196 0.079608 
19.076923 0.762696 0.676522 0.090201 0.077460 
19.538462 0.758686 0.670132 0.088136 0.075242 
20.000000 0.754387 0.663297 0.086008 0.072963 
