2.000000 0.353871 0.204931 0.016551 0.009546 
2.461538 0.469154 0.345931 0.026677 0.019588 
2.923077 0.547916 0.442242 0.036540 0.029365 
3.384615 0.605094 0.512143 0.046142 0.038879 
3.846154 0.648456 0.565138 0.055482 0.048131 
4.307692 0.682442 0.606659 0.064562 0.057121 
4.769231 0.709771 0.640034 0.073384 0.065851 
5.230769 0.732205 0.667417 0.081948 0.074323 
5.692308 0.750931 0.690264 0.090256 0.082537 
6.153846 0.766783 0.709592 0.098310 0.090495 
6.615385 0.780361 0.726136 0.106112 0.098199 
7.076923 0.792109 0.740440 0.113662 0.105652 
7.538462 0.802361 0.752911 0.120964 0.112854 
8.000000 0.811375 0.763866 0.128019 0.119808 
8.461538 0.819352 0.773552 0.134830 0.126516 
8.923077 0.826451 0.782162 0.141399 0.132981 
9.384615 0.832802 0.789855 0.147728 0.139205 
9.846154 0.838509 0.796757 0.153819 0.145190 
10.307692 0.843656 0.802974 0.159676 0.150940 
10.769231 0.848314 0.808591 0.165301 0.156456 
11.230769 0.852543 0.813681 0.170697 0.161742 
11.692308 0.856393 0.818304 0.175866 0.166801 
12.153846 0.859905 0.822513 0.180812 0.171635 
12.615385 0.863116 0.826352 0.185538 0.176248 
13.076923 0.866057 0.829858 0.190047 0.180643 
13.538462 0.868753 0.833063 0.194342 0.184822 
14.000000 0.871229 0.835996 0.198426 0.188790 
14.461538 0.873504 0.838682 0.202303 0.192550 
14.923077 0.875596 0.841141 0.205976 0.196105 
15.384615 0.877521 0.843394 0.209448 0.199458 
15.846154 0.879291 0.845456 0.212723 0.202614 
16.307692 0.880920 0.847342 0.215805 0.205574 
16.769231 0.882418 0.849065 0.218697 0.208345 
17.230769 0.883794 0.850637 0.221402 0.210928 
17.692308 0.885057 0.852069 0.223925 0.213327 
18.153846 0.886215 0.853368 0.226269 0.215547 
18.615385 0.887274 0.854545 0.228437 0.217590 
19.076923 0.888241 0.855606 0.230434 0.219462 
19.538462 0.889121 0.856558 0.232263 0.221164 
20.000000 0.889920 0.857408 0.233928 0.222702 
