2.000000 0.245498 0.055466 0.009684 0.002175 
2.461538 0.354035 0.187029 0.016236 0.008520 
2.923077 0.425573 0.273217 0.021849 0.013923 
3.384615 0.475013 0.332252 0.026565 0.018428 
3.846154 0.510082 0.373575 0.030437 0.022087 
4.307692 0.535176 0.402549 0.033517 0.024954 
4.769231 0.552964 0.422425 0.035864 0.027088 
5.230769 0.565157 0.435276 0.037535 0.028547 
5.692308 0.572883 0.442462 0.038591 0.029392 
6.153846 0.576914 0.444900 0.039092 0.029684 
6.615385 0.577780 0.443212 0.039097 0.029482 
7.076923 0.575849 0.437812 0.038663 0.028843 
7.538462 0.571373 0.428970 0.037844 0.027823 
8.000000 0.564516 0.416843 0.036694 0.026474 
8.461538 0.555381 0.401499 0.035261 0.024846 
8.923077 0.544015 0.382935 0.033591 0.022984 
9.384615 0.530422 0.361081 0.031726 0.020931 
9.846154 0.514571 0.335808 0.029705 0.018726 
10.307692 0.496395 0.306930 0.027563 0.016402 
10.769231 0.475796 0.274199 0.025330 0.013992 
11.230769 0.452643 0.237304 0.023036 0.011524 
11.692308 0.426775 0.195862 0.020703 0.009021 
12.153846 0.397997 0.149409 0.018355 0.006506 
12.615385 0.366075 0.097387 0.016009 0.003996 
13.076923 0.330739 0.039123 0.013681 0.001508 
13.538462 0.291669 -0.026189 0.011385 -0.000945 
14.000000 0.248497 -0.099527 0.009132 -0.003353 
14.461538 0.200792 -0.182076 0.006931 -0.005705 
14.923077 0.148055 -0.275285 0.004789 -0.007995 
15.384615 0.089701 -0.380947 0.002713 -0.010217 
15.846154 0.025048 -0.501291 0.000707 -0.012367 
16.307692 -0.046710 -0.639137 -0.001227 -0.014442 
16.769231 -0.126525 -0.798088 -0.003085 -0.016439 
17.230769 -0.215528 -0.982831 -0.004868 -0.018359 
17.692308 -0.315079 -1.199571 -0.006573 -0.020199 
18.153846 -0.426823 -1.456701 -0.008203 -0.021962 
18.615385 -0.552763 -1.765852 -0.009756 -0.023647 
19.076923 -0.695376 -2.143629 -0.011236 -0.025256 
19.538462 -0.857745 -2.614585 -0.012643 -0.026791 
20.000000 -1.043772 -3.216619 -0.013979 -0.028254 
