2.000000 0.377635 0.237632 0.018413 0.011544 
2.461538 0.493256 0.379102 0.029531 0.022613 
2.923077 0.572362 0.475890 0.040596 0.033628 
3.384615 0.629889 0.546277 0.051608 0.044591 
3.846154 0.673606 0.599767 0.062568 0.055500 
4.307692 0.707953 0.641790 0.073474 0.066355 
4.769231 0.735649 0.675677 0.084327 0.077158 
5.230769 0.758456 0.703580 0.095128 0.087907 
5.692308 0.777561 0.726955 0.105876 0.098604 
6.153846 0.793799 0.746820 0.116571 0.109247 
6.615385 0.807769 0.763912 0.127213 0.119837 
7.076923 0.819915 0.778771 0.137802 0.130373 
7.538462 0.830572 0.791809 0.148338 0.140857 
8.000000 0.839998 0.803340 0.158822 0.151288 
8.461538 0.848394 0.813610 0.169253 0.161665 
8.923077 0.855920 0.822817 0.179631 0.171989 
9.384615 0.862705 0.831116 0.189956 0.182261 
9.846154 0.868852 0.838635 0.200229 0.192479 
10.307692 0.874447 0.845478 0.210449 0.202644 
10.769231 0.879561 0.851734 0.220616 0.212757 
11.230769 0.884254 0.857474 0.230731 0.222816 
11.692308 0.888575 0.862759 0.240793 0.232823 
12.153846 0.892567 0.867641 0.250803 0.242776 
12.615385 0.896266 0.872164 0.260759 0.252677 
13.076923 0.899702 0.876366 0.270664 0.262525 
13.538462 0.902903 0.880281 0.280516 0.272320 
14.000000 0.905893 0.883936 0.290315 0.282062 
14.461538 0.908690 0.887357 0.300062 0.291752 
14.923077 0.911314 0.890564 0.309757 0.301389 
15.384615 0.913779 0.893578 0.319399 0.310973 
15.846154 0.916099 0.896415 0.328989 0.320505 
16.307692 0.918288 0.899090 0.338527 0.329984 
16.769231 0.920355 0.901617 0.348012 0.339410 
17.230769 0.922311 0.904007 0.357446 0.348784 
17.692308 0.924163 0.906272 0.366827 0.358106 
18.153846 0.925921 0.908420 0.376156 0.367375 
18.615385 0.927591 0.910461 0.385433 0.376592 
19.076923 0.929179 0.912402 0.394657 0.385756 
19.538462 0.930691 0.914250 0.403830 0.394868 
20.000000 0.932133 0.916011 0.412951 0.403928 
