2.000000 0.377635 0.237632 0.018413 0.011544 
2.181818 0.429023 0.300508 0.022799 0.015911 
2.363636 0.472504 0.353710 0.027177 0.020269 
2.545455 0.509773 0.399311 0.031547 0.024620 
2.727273 0.542072 0.438830 0.035908 0.028962 
2.909091 0.570333 0.473409 0.040262 0.033295 
3.090909 0.595269 0.503918 0.044607 0.037621 
3.272727 0.617433 0.531037 0.048944 0.041938 
3.454545 0.637264 0.555301 0.053272 0.046247 
3.636364 0.655111 0.577137 0.057593 0.050548 
3.818182 0.671258 0.596893 0.061905 0.054840 
4.000000 0.685936 0.614853 0.066209 0.059124 
4.181818 0.699338 0.631250 0.070505 0.063400 
4.363636 0.711622 0.646280 0.074792 0.067668 
4.545455 0.722924 0.660107 0.079072 0.071927 
4.727273 0.733355 0.672870 0.083343 0.076178 
4.909091 0.743013 0.684686 0.087606 0.080421 
5.090909 0.751982 0.695659 0.091861 0.084656 
5.272727 0.760331 0.705874 0.096107 0.088882 
5.454545 0.768123 0.715407 0.100346 0.093100 
5.636364 0.775412 0.724325 0.104576 0.097310 
5.818182 0.782245 0.732685 0.108798 0.101512 
6.000000 0.788664 0.740538 0.113012 0.105705 
6.181818 0.794705 0.747929 0.117217 0.109890 
6.363636 0.800401 0.754897 0.121415 0.114067 
6.545455 0.805779 0.761477 0.125604 0.118235 
6.727273 0.810867 0.767701 0.129785 0.122396 
6.909091 0.815686 0.773598 0.133957 0.126548 
7.090909 0.820259 0.779191 0.138122 0.130692 
7.272727 0.824602 0.784505 0.142278 0.134827 
7.454545 0.828733 0.789558 0.146427 0.138955 
7.636364 0.832667 0.794371 0.150567 0.143074 
7.818182 0.836418 0.798960 0.154698 0.147185 
8.000000 0.839998 0.803340 0.158822 0.151288 
8.181818 0.843419 0.807524 0.162937 0.155382 
8.363636 0.846691 0.811527 0.167045 0.159468 
8.545455 0.849823 0.815359 0.171144 0.163546 
8.727273 0.852825 0.819030 0.175235 0.167616 
8.909091 0.855704 0.822552 0.179317 0.171677 
9.090909 0.858467 0.825932 0.183392 0.175731 
9.272727 0.861122 0.829180 0.187458 0.179776 
9.454545 0.863675 0.832302 0.191516 0.183812 
9.636364 0.866131 0.835306 0.195566 0.187841 
9.818182 0.868495 0.838199 0.199608 0.191861 
10.000000 0.870774 0.840986 0.203641 0.195873 
10.181818 0.872971 0.843674 0.207667 0.199877 
10.363636 0.875091 0.846266 0.211684 0.203873 
10.545455 0.877137 0.848770 0.215693 0.207860 
10.727273 0.879114 0.851188 0.219694 0.211840 
10.909091 0.881025 0.853525 0.223687 0.215811 
11.090909 0.882873 0.855785 0.227671 0.219774 
11.272727 0.884661 0.857972 0.231648 0.223728 
11.454545 0.886393 0.860089 0.235616 0.227674 
11.636364 0.888070 0.862140 0.239576 0.231613 
11.818182 0.889695 0.864128 0.243528 0.235543 
12.000000 0.891271 0.866055 0.247472 0.239464 
12.181818 0.892799 0.867924 0.251407 0.243378 
12.363636 0.894283 0.869739 0.255335 0.247283 
12.545455 0.895723 0.871500 0.259254 0.251180 
12.727273 0.897122 0.873211 0.263165 0.255069 
12.909091 0.898481 0.874873 0.267068 0.258950 
13.090909 0.899803 0.876489 0.270963 0.262823 
13.272727 0.901088 0.878061 0.274850 0.266687 
13.454545 0.902338 0.879589 0.278728 0.270543 
13.636364 0.903555 0.881077 0.282599 0.274391 
13.818182 0.904739 0.882525 0.286461 0.278231 
14.000000 0.905893 0.883936 0.290315 0.282062 
14.181818 0.907017 0.885310 0.294161 0.285886 
14.363636 0.908112 0.886649 0.297999 0.289701 
14.545455 0.909180 0.887955 0.301829 0.293508 
14.727273 0.910221 0.889228 0.305650 0.297307 
14.909091 0.911236 0.890470 0.309464 0.301098 
15.090909 0.912228 0.891682 0.313269 0.304880 
15.272727 0.913195 0.892864 0.317067 0.308655 
15.454545 0.914139 0.894019 0.320856 0.312421 
15.636364 0.915062 0.895146 0.324637 0.316179 
15.818182 0.915963 0.896248 0.328409 0.319929 
16.000000 0.916843 0.897324 0.332174 0.323670 
16.181818 0.917703 0.898376 0.335931 0.327404 
16.363636 0.918545 0.899404 0.339679 0.331129 
16.545455 0.919367 0.900410 0.343420 0.334846 
16.727273 0.920172 0.901393 0.347152 0.338556 
16.909091 0.920959 0.902355 0.350876 0.342256 
17.090909 0.921729 0.903297 0.354593 0.345949 
17.272727 0.922483 0.904218 0.358301 0.349634 
17.454545 0.923221 0.905121 0.362001 0.353310 
17.636364 0.923944 0.906004 0.365692 0.356979 
17.818182 0.924652 0.906869 0.369376 0.360639 
18.000000 0.925345 0.907716 0.373052 0.364291 
18.181818 0.926025 0.908547 0.376719 0.367935 
18.363636 0.926690 0.909361 0.380379 0.371571 
18.545455 0.927343 0.910158 0.384030 0.375198 
18.727273 0.927983 0.910940 0.387674 0.378818 
18.909091 0.928610 0.911707 0.391309 0.382429 
19.090909 0.929226 0.912459 0.394936 0.386033 
19.272727 0.929830 0.913197 0.398555 0.389628 
19.454545 0.930422 0.913920 0.402166 0.393215 
19.636364 0.931003 0.914630 0.405769 0.396794 
19.818182 0.931573 0.915327 0.409364 0.400365 
20.000000 0.932133 0.916011 0.412951 0.403928 
