2.000000 0.245498 0.055466 0.009684 0.002175 
2.181818 0.294150 0.114519 0.012380 0.004790 
2.363636 0.334825 0.163795 0.014926 0.007255 
2.545455 0.369213 0.205364 0.017325 0.009572 
2.727273 0.398555 0.240742 0.019580 0.011743 
2.909091 0.423781 0.271067 0.021692 0.013773 
3.090909 0.445601 0.297207 0.023665 0.015662 
3.272727 0.464567 0.319836 0.025501 0.017416 
3.454545 0.481115 0.339486 0.027205 0.019036 
3.636364 0.495590 0.356581 0.028778 0.020526 
3.818182 0.508275 0.371463 0.030225 0.021888 
4.000000 0.519397 0.384413 0.031549 0.023128 
4.181818 0.529147 0.395659 0.032752 0.024248 
4.363636 0.537680 0.405393 0.033840 0.025251 
4.545455 0.545127 0.413773 0.034814 0.026141 
4.727273 0.551599 0.420934 0.035679 0.026923 
4.909091 0.557189 0.426988 0.036439 0.027598 
5.090909 0.561977 0.432032 0.037096 0.028172 
5.272727 0.566030 0.436146 0.037655 0.028648 
5.454545 0.569406 0.439402 0.038120 0.029030 
5.636364 0.572156 0.441859 0.038494 0.029321 
5.818182 0.574323 0.443567 0.038780 0.029524 
6.000000 0.575945 0.444572 0.038983 0.029645 
6.181818 0.577052 0.444911 0.039106 0.029686 
6.363636 0.577675 0.444616 0.039152 0.029650 
6.545455 0.577836 0.443715 0.039126 0.029542 
6.727273 0.577558 0.442231 0.039030 0.029365 
6.909091 0.576857 0.440186 0.038868 0.029123 
7.090909 0.575750 0.437594 0.038643 0.028818 
7.272727 0.574250 0.434470 0.038359 0.028454 
7.454545 0.572367 0.430826 0.038019 0.028035 
7.636364 0.570113 0.426669 0.037626 0.027563 
7.818182 0.567494 0.422006 0.037183 0.027042 
8.000000 0.564516 0.416843 0.036694 0.026474 
8.181818 0.561186 0.411181 0.036160 0.025864 
8.363636 0.557506 0.405022 0.035586 0.025213 
8.545455 0.553480 0.398365 0.034974 0.024524 
8.727273 0.549108 0.391207 0.034326 0.023800 
8.909091 0.544392 0.383545 0.033645 0.023044 
9.090909 0.539330 0.375374 0.032933 0.022258 
9.272727 0.533923 0.366687 0.032194 0.021445 
9.454545 0.528167 0.357475 0.031429 0.020606 
9.636364 0.522060 0.347730 0.030641 0.019745 
9.818182 0.515597 0.337440 0.029831 0.018863 
10.000000 0.508775 0.326594 0.029003 0.017963 
10.181818 0.501588 0.315176 0.028157 0.017046 
10.363636 0.494030 0.303173 0.027296 0.016114 
10.545455 0.486093 0.290568 0.026422 0.015170 
10.727273 0.477772 0.277341 0.025536 0.014214 
10.909091 0.469056 0.263475 0.024640 0.013249 
11.090909 0.459938 0.248945 0.023736 0.012277 
11.272727 0.450406 0.233731 0.022825 0.011297 
11.454545 0.440451 0.217805 0.021908 0.010313 
11.636364 0.430061 0.201142 0.020987 0.009326 
11.818182 0.419224 0.183711 0.020064 0.008336 
12.000000 0.407926 0.165482 0.019138 0.007344 
12.181818 0.396154 0.146421 0.018213 0.006353 
12.363636 0.383892 0.126490 0.017287 0.005363 
12.545455 0.371124 0.105652 0.016364 0.004375 
12.727273 0.357834 0.083863 0.015442 0.003390 
12.909091 0.344002 0.061080 0.014525 0.002409 
13.090909 0.329611 0.037252 0.013611 0.001433 
13.272727 0.314640 0.012328 0.012702 0.000462 
13.454545 0.299066 -0.013748 0.011800 -0.000502 
13.636364 0.282868 -0.041039 0.010903 -0.001460 
13.818182 0.266020 -0.069608 0.010014 -0.002410 
14.000000 0.248497 -0.099527 0.009132 -0.003353 
14.181818 0.230271 -0.130873 0.008258 -0.004286 
14.363636 0.211314 -0.163728 0.007393 -0.005211 
14.545455 0.191594 -0.198182 0.006537 -0.006126 
14.727273 0.171078 -0.234334 0.005690 -0.007032 
14.909091 0.149732 -0.272288 0.004853 -0.007927 
15.090909 0.127519 -0.312160 0.004027 -0.008811 
15.272727 0.104398 -0.354077 0.003210 -0.009685 
15.454545 0.080329 -0.398175 0.002405 -0.010548 
15.636364 0.055265 -0.444605 0.001610 -0.011399 
15.818182 0.029160 -0.493531 0.000826 -0.012239 
16.000000 0.001961 -0.545136 0.000054 -0.013067 
16.181818 -0.026384 -0.599618 -0.000707 -0.013884 
16.363636 -0.055935 -0.657197 -0.001456 -0.014688 
16.545455 -0.086754 -0.718119 -0.002194 -0.015481 
16.727273 -0.118907 -0.782651 -0.002919 -0.016261 
16.909091 -0.152467 -0.851096 -0.003633 -0.017029 
17.090909 -0.187511 -0.923789 -0.004336 -0.017785 
17.272727 -0.224120 -1.001104 -0.005026 -0.018529 
17.454545 -0.262384 -1.083464 -0.005704 -0.019261 
17.636364 -0.302399 -1.171341 -0.006371 -0.019980 
17.818182 -0.344269 -1.265273 -0.007025 -0.020688 
18.000000 -0.388105 -1.365867 -0.007668 -0.021383 
18.181818 -0.434029 -1.473818 -0.008299 -0.022066 
18.363636 -0.482172 -1.589918 -0.008918 -0.022737 
18.545455 -0.532677 -1.715081 -0.009526 -0.023396 
18.727273 -0.585699 -1.850361 -0.010122 -0.024044 
18.909091 -0.641408 -1.996983 -0.010706 -0.024680 
19.090909 -0.699988 -2.156380 -0.011279 -0.025304 
19.272727 -0.761642 -2.330238 -0.011841 -0.025916 
19.454545 -0.826591 -2.520554 -0.012392 -0.026518 
19.636364 -0.895078 -2.729708 -0.012932 -0.027107 
19.818182 -0.967374 -2.960570 -0.013461 -0.027686 
20.000000 -1.043772 -3.216619 -0.013979 -0.028254 
