2.000000 0.353871 0.204931 0.016551 0.009546 
2.181818 0.405126 0.267623 0.020572 0.013534 
2.363636 0.448474 0.320640 0.024551 0.017480 
2.545455 0.485609 0.366054 0.028490 0.021385 
2.727273 0.517773 0.405385 0.032388 0.025250 
2.909091 0.545898 0.439775 0.036245 0.029073 
3.090909 0.570697 0.470094 0.040062 0.032855 
3.272727 0.592723 0.497021 0.043838 0.036597 
3.454545 0.612415 0.521092 0.047574 0.040298 
3.636364 0.630123 0.542734 0.051269 0.043958 
3.818182 0.646129 0.562295 0.054923 0.047578 
4.000000 0.660667 0.580057 0.058537 0.051157 
4.181818 0.673926 0.596256 0.062111 0.054695 
4.363636 0.686067 0.611087 0.065645 0.058193 
4.545455 0.697224 0.624713 0.069139 0.061651 
4.727273 0.707511 0.637274 0.072592 0.065069 
4.909091 0.717023 0.648888 0.076006 0.068446 
5.090909 0.725844 0.659655 0.079380 0.071783 
5.272727 0.734046 0.669664 0.082714 0.075080 
5.454545 0.741689 0.678990 0.086008 0.078337 
5.636364 0.748828 0.687699 0.089263 0.081555 
5.818182 0.755511 0.695849 0.092478 0.084732 
6.000000 0.761778 0.703490 0.095654 0.087871 
6.181818 0.767666 0.710668 0.098790 0.090969 
6.363636 0.773207 0.717421 0.101887 0.094028 
6.545455 0.778431 0.723785 0.104946 0.097048 
6.727273 0.783363 0.729792 0.107965 0.100029 
6.909091 0.788026 0.735469 0.110945 0.102971 
7.090909 0.792440 0.740843 0.113887 0.105873 
7.272727 0.796624 0.745934 0.116790 0.108737 
7.454545 0.800596 0.750765 0.119655 0.111563 
7.636364 0.804369 0.755353 0.122481 0.114349 
7.818182 0.807958 0.759715 0.125269 0.117098 
8.000000 0.811375 0.763866 0.128019 0.119808 
8.181818 0.814631 0.767822 0.130732 0.122480 
8.363636 0.817738 0.771593 0.133406 0.125114 
8.545455 0.820704 0.775192 0.136042 0.127710 
8.727273 0.823538 0.778630 0.138642 0.130268 
8.909091 0.826248 0.781916 0.141203 0.132789 
9.090909 0.828842 0.785059 0.143728 0.135272 
9.272727 0.831326 0.788067 0.146215 0.137718 
9.454545 0.833706 0.790949 0.148666 0.140127 
9.636364 0.835989 0.793711 0.151080 0.142499 
9.818182 0.838180 0.796359 0.153457 0.144834 
10.000000 0.840283 0.798901 0.155797 0.147133 
10.181818 0.842303 0.801341 0.158102 0.149395 
10.363636 0.844245 0.803685 0.160370 0.151621 
10.545455 0.846113 0.805937 0.162602 0.153811 
10.727273 0.847909 0.808103 0.164799 0.155964 
10.909091 0.849639 0.810186 0.166960 0.158082 
11.090909 0.851304 0.812190 0.169086 0.160165 
11.272727 0.852908 0.814119 0.171176 0.162211 
11.454545 0.854455 0.815977 0.173231 0.164223 
11.636364 0.855945 0.817767 0.175252 0.166200 
11.818182 0.857383 0.819491 0.177237 0.168141 
12.000000 0.858770 0.821154 0.179188 0.170048 
12.181818 0.860108 0.822756 0.181105 0.171921 
12.363636 0.861400 0.824302 0.182988 0.173759 
12.545455 0.862648 0.825793 0.184836 0.175563 
12.727273 0.863853 0.827231 0.186651 0.177333 
12.909091 0.865017 0.828619 0.188432 0.179070 
13.090909 0.866142 0.829959 0.190180 0.180772 
13.272727 0.867229 0.831252 0.191895 0.182442 
13.454545 0.868280 0.832501 0.193577 0.184078 
13.636364 0.869296 0.833707 0.195226 0.185682 
13.818182 0.870279 0.834872 0.196842 0.187252 
14.000000 0.871229 0.835996 0.198426 0.188790 
14.181818 0.872148 0.837082 0.199978 0.190296 
14.363636 0.873037 0.838132 0.201498 0.191770 
14.545455 0.873898 0.839145 0.202986 0.193212 
14.727273 0.874730 0.840124 0.204442 0.194622 
14.909091 0.875535 0.841070 0.205867 0.196000 
15.090909 0.876315 0.841983 0.207261 0.197347 
15.272727 0.877069 0.842866 0.208625 0.198664 
15.454545 0.877798 0.843718 0.209957 0.199949 
15.636364 0.878505 0.844541 0.211259 0.201204 
15.818182 0.879188 0.845336 0.212530 0.202428 
16.000000 0.879849 0.846103 0.213772 0.203622 
16.181818 0.880489 0.846844 0.214984 0.204786 
16.363636 0.881108 0.847559 0.216166 0.205920 
16.545455 0.881707 0.848249 0.217318 0.207025 
16.727273 0.882287 0.848915 0.218442 0.208101 
16.909091 0.882847 0.849557 0.219536 0.209147 
17.090909 0.883389 0.850176 0.220602 0.210164 
17.272727 0.883913 0.850773 0.221639 0.211153 
17.454545 0.884420 0.851348 0.222648 0.212114 
17.636364 0.884910 0.851902 0.223629 0.213046 
17.818182 0.885383 0.852436 0.224582 0.213950 
18.000000 0.885840 0.852949 0.225507 0.214827 
18.181818 0.886282 0.853443 0.226405 0.215676 
18.363636 0.886708 0.853918 0.227276 0.216497 
18.545455 0.887120 0.854375 0.228120 0.217292 
18.727273 0.887517 0.854813 0.228937 0.218060 
18.909091 0.887900 0.855233 0.229728 0.218801 
19.090909 0.888269 0.855637 0.230492 0.219516 
19.272727 0.888625 0.856023 0.231230 0.220204 
19.454545 0.888967 0.856393 0.231943 0.220867 
19.636364 0.889297 0.856747 0.232630 0.221504 
19.818182 0.889615 0.857085 0.233291 0.222116 
20.000000 0.889920 0.857408 0.233928 0.222702 
