2.000000 0.321333 0.160115 0.014236 0.007060 
2.181818 0.372134 0.222174 0.017803 0.010579 
2.363636 0.415021 0.274548 0.021291 0.014016 
2.545455 0.451688 0.319310 0.024699 0.017373 
2.727273 0.483378 0.357980 0.028027 0.020651 
2.909091 0.511022 0.391698 0.031276 0.023848 
3.090909 0.535332 0.421335 0.034446 0.026967 
3.272727 0.556863 0.447571 0.037537 0.030006 
3.454545 0.576052 0.470939 0.040551 0.032967 
3.636364 0.593249 0.491868 0.043487 0.035851 
3.818182 0.608738 0.510705 0.046346 0.038657 
4.000000 0.622749 0.527733 0.049129 0.041386 
4.181818 0.635475 0.543186 0.051836 0.044039 
4.363636 0.647075 0.557259 0.054467 0.046616 
4.545455 0.657683 0.570117 0.057024 0.049118 
4.727273 0.667412 0.581897 0.059506 0.051545 
4.909091 0.676359 0.592719 0.061915 0.053899 
5.090909 0.684606 0.602682 0.064251 0.056179 
5.272727 0.692225 0.611874 0.066515 0.058387 
5.454545 0.699277 0.620371 0.068707 0.060523 
5.636364 0.705817 0.628239 0.070828 0.062588 
5.818182 0.711891 0.635534 0.072878 0.064582 
6.000000 0.717540 0.642307 0.074860 0.066506 
6.181818 0.722801 0.648604 0.076772 0.068361 
6.363636 0.727706 0.654462 0.078617 0.070148 
6.545455 0.732284 0.659918 0.080394 0.071868 
6.727273 0.736560 0.665002 0.082105 0.073521 
6.909091 0.740557 0.669743 0.083751 0.075108 
7.090909 0.744296 0.674165 0.085331 0.076630 
7.272727 0.747795 0.678290 0.086848 0.078088 
7.454545 0.751070 0.682140 0.088301 0.079482 
7.636364 0.754137 0.685732 0.089692 0.080814 
7.818182 0.757009 0.689082 0.091021 0.082084 
8.000000 0.759699 0.692206 0.092290 0.083293 
8.181818 0.762217 0.695118 0.093499 0.084442 
8.363636 0.764573 0.697829 0.094649 0.085532 
8.545455 0.766778 0.700352 0.095741 0.086564 
8.727273 0.768840 0.702696 0.096776 0.087539 
8.909091 0.770766 0.704872 0.097754 0.088457 
9.090909 0.772564 0.706886 0.098678 0.089319 
9.272727 0.774239 0.708749 0.099547 0.090128 
9.454545 0.775800 0.710467 0.100362 0.090882 
9.636364 0.777250 0.712046 0.101125 0.091584 
9.818182 0.778595 0.713494 0.101836 0.092234 
10.000000 0.779839 0.714815 0.102496 0.092833 
10.181818 0.780988 0.716016 0.103106 0.093382 
10.363636 0.782046 0.717100 0.103668 0.093882 
10.545455 0.783015 0.718073 0.104181 0.094334 
10.727273 0.783900 0.718939 0.104647 0.094738 
10.909091 0.784703 0.719701 0.105067 0.095097 
11.090909 0.785428 0.720363 0.105442 0.095410 
11.272727 0.786078 0.720929 0.105773 0.095678 
11.454545 0.786655 0.721402 0.106060 0.095903 
11.636364 0.787162 0.721784 0.106304 0.096086 
11.818182 0.787600 0.722078 0.106507 0.096227 
12.000000 0.787972 0.722286 0.106669 0.096327 
12.181818 0.788280 0.722411 0.106791 0.096387 
12.363636 0.788526 0.722455 0.106875 0.096408 
12.545455 0.788711 0.722420 0.106920 0.096391 
12.727273 0.788838 0.722308 0.106928 0.096337 
12.909091 0.788906 0.722120 0.106900 0.096247 
13.090909 0.788918 0.721857 0.106837 0.096121 
13.272727 0.788875 0.721522 0.106739 0.095961 
13.454545 0.788779 0.721116 0.106607 0.095767 
13.636364 0.788630 0.720639 0.106443 0.095541 
13.818182 0.788429 0.720093 0.106246 0.095282 
14.000000 0.788177 0.719479 0.106019 0.094992 
14.181818 0.787875 0.718797 0.105761 0.094673 
14.363636 0.787524 0.718049 0.105474 0.094323 
14.545455 0.787125 0.717235 0.105158 0.093945 
14.727273 0.786678 0.716356 0.104814 0.093539 
14.909091 0.786184 0.715413 0.104443 0.093106 
15.090909 0.785643 0.714405 0.104046 0.092647 
15.272727 0.785056 0.713334 0.103624 0.092163 
15.454545 0.784424 0.712200 0.103177 0.091654 
15.636364 0.783747 0.711003 0.102705 0.091121 
15.818182 0.783025 0.709744 0.102211 0.090565 
16.000000 0.782258 0.708421 0.101694 0.089986 
16.181818 0.781447 0.707037 0.101156 0.089386 
16.363636 0.780593 0.705591 0.100596 0.088765 
16.545455 0.779695 0.704082 0.100016 0.088123 
16.727273 0.778753 0.702511 0.099417 0.087463 
16.909091 0.777768 0.700878 0.098799 0.086783 
17.090909 0.776740 0.699182 0.098162 0.086085 
17.272727 0.775668 0.697424 0.097508 0.085370 
17.454545 0.774554 0.695603 0.096837 0.084637 
17.636364 0.773396 0.693720 0.096150 0.083889 
17.818182 0.772196 0.691773 0.095447 0.083125 
18.000000 0.770952 0.689762 0.094729 0.082346 
18.181818 0.769665 0.687687 0.093997 0.081553 
18.363636 0.768335 0.685548 0.093250 0.080746 
18.545455 0.766961 0.683343 0.092491 0.079927 
18.727273 0.765544 0.681073 0.091719 0.079094 
18.909091 0.764083 0.678738 0.090935 0.078250 
19.090909 0.762579 0.676335 0.090140 0.077394 
19.272727 0.761030 0.673865 0.089333 0.076527 
19.454545 0.759436 0.671327 0.088516 0.075650 
19.636364 0.757799 0.668720 0.087690 0.074764 
19.818182 0.756116 0.666044 0.086853 0.073868 
20.000000 0.754387 0.663297 0.086008 0.072963 
